0594563298521045
6959894671543428
0177045394009209
7942995439780769
7419557763519490
9516695288654497
4736613223938591
9718689212668939
1295748239864682
9330188857024231
6459137931460475
1251323045440822
9603668040785277
7291389112004137
7091134460952621
0113097397800163
6115838176308650
7811052211858250
0445149830936789
5814308738127083
0079245330525667
0712248525964133
9862871439401998
1827391223830793
6513306288054546
0880721544832633
4838269606342287
0657524784611273
1376062758048434
0994424186310546
4589955714238051
2758080401729889
9045010618126715
7178861135411074
1325336513776600
7060267353591505
1625686441204629
9900154439868053
9216250988141352
6242030645458771
5267444025009170
3575655505967251
5051210070964532
8260113595004233
8009323832598901
8365150786147090
4486038802648728
6362891473560509
6559521071530270
2762079234882796
5863518831506067
8167283699662517
4463816547640974
4838269606342287
6512769777132919
5051210070964532
9484648977886244
4486038802648728
1325336513776600
5862551030839742
2948946156668068
6437707450278547
4538944308234506
9434005424399439
2762079234882796
3888165569841806
6820432103543401
3745361006507663
1374903595263999
5670844941441977
5616155894081649
4818808329765049
0164723689045625
0449556243820325
2074690870237911
6281967222346635
5406969307480180
3655787486973619
4234484172959343
1401983451198989
0622911035676862
0994732050057153
4042595965095382
6321591514406331
0987725781249409
3908878442727168 , , , Colaborador-Lattes
6042580471788280 , , , Colaborador-Lattes
3933292857186772 , , , Colaborador-Lattes
2236367133126760 , , , Colaborador-Lattes
5321352391107703 , , , Colaborador-Lattes
2479299569184393 , , , Colaborador-Lattes
0179052840709987 , , , Colaborador-Lattes
9953481859416222 , , , Colaborador-Lattes
9127782713695306 , , , Colaborador-Lattes
4534302788308331 , , , Colaborador-Lattes
2464181759809989 , , , Colaborador-Lattes
5328470389792359 , , , Colaborador-Lattes
4966441443705445 , , , Colaborador-Lattes
4618511634382925 , , , Colaborador-Lattes
8109053724314041 , , , Colaborador-Lattes
7613511226473853 , , , Colaborador-Lattes
9000938096632276 , , , Colaborador-Lattes
1283287544436870 , , , Colaborador-Lattes
7375738037025795 , , , Colaborador-Lattes
5595235187153920 , , , Colaborador-Lattes
0810124158379029 , , , Colaborador-Lattes
5007228581423386 , , , Colaborador-Lattes
1955313077111684 , , , Colaborador-Lattes
1233924232108798 , , , Colaborador-Lattes
6419486554101657 , , , Colaborador-Lattes
7006752768658988 , , , Colaborador-Lattes
8347426074504871 , , , Colaborador-Lattes
9439170161568198 , , , Colaborador-Lattes
3116123954054972 , , , Colaborador-Lattes
1910429224812032 , , , Colaborador-Lattes
6341074843058982 , , , Colaborador-Lattes
0103443747550623 , , , Colaborador-Lattes
6278747409995827 , , , Colaborador-Lattes
9143019697734171 , , , Colaborador-Lattes
0204565545144410 , , , Colaborador-Lattes
3761976142426259 , , , Colaborador-Lattes
2449026426008665 , , , Colaborador-Lattes
2208283711068499 , , , Colaborador-Lattes
3060757397661064 , , , Colaborador-Lattes
2223307445263315 , , , Colaborador-Lattes
7644576116127766 , , , Colaborador-Lattes
6289932790037683 , , , Colaborador-Lattes
8331673804346310 , , , Colaborador-Lattes
1046467504046290 , , , Colaborador-Lattes
0396903898696666 , , , Colaborador-Lattes
4334866544841521 , , , Colaborador-Lattes
0993142677246044 , , , Colaborador-Lattes
1468024293056152 , , , Colaborador-Lattes
7484786835288826 , , , Colaborador-Lattes
